[gd_scene load_steps=11 format=3 uid="uid://s480gw6j3vrx"]

[ext_resource type="PackedScene" uid="uid://bdgbvgelsw5nb" path="res://pickable.tscn" id="2_52e0d"]
[ext_resource type="PackedScene" uid="uid://ca7xo151vkhx8" path="res://chest.tscn" id="3_tm2ny"]

[sub_resource type="ProceduralSkyMaterial" id="ProceduralSkyMaterial_6283e"]

[sub_resource type="Sky" id="Sky_gf25u"]
sky_material = SubResource("ProceduralSkyMaterial_6283e")

[sub_resource type="Environment" id="Environment_dpw8f"]
background_mode = 2
background_color = Color(0.766583, 0.835855, 0.865181, 1)
background_energy_multiplier = 0.67
sky = SubResource("Sky_gf25u")
ambient_light_sky_contribution = 0.0
ambient_light_energy = 0.0
fog_light_color = Color(1, 1, 1, 1)

[sub_resource type="BoxShape3D" id="BoxShape3D_ch1a4"]
size = Vector3(12, 0.5, 12)

[sub_resource type="StandardMaterial3D" id="StandardMaterial3D_ucin3"]
albedo_color = Color(0.4756, 0.55216, 0.58, 1)

[sub_resource type="BoxMesh" id="BoxMesh_0gj2w"]
material = SubResource("StandardMaterial3D_ucin3")
size = Vector3(12, 0.5, 12)

[sub_resource type="BoxShape3D" id="BoxShape3D_erixq"]
size = Vector3(2, 1, 4)

[sub_resource type="BoxMesh" id="BoxMesh_cvbvp"]
material = SubResource("StandardMaterial3D_ucin3")
size = Vector3(2, 1, 4)

[node name="World" type="Node3D"]

[node name="WorldEnvironment" type="WorldEnvironment" parent="."]
environment = SubResource("Environment_dpw8f")

[node name="Sun" type="DirectionalLight3D" parent="."]
transform = Transform3D(0.614506, -0.564744, 0.55086, 0, 0.698253, 0.715851, -0.788913, -0.439895, 0.42908, 0, 4, 0)
light_energy = 2.0
shadow_enabled = true

[node name="Floor" type="StaticBody3D" parent="."]
transform = Transform3D(1, 0, 0, 0, 1, 0, 0, 0, 1, -2, 0, 2)

[node name="CollisionShape3D" type="CollisionShape3D" parent="Floor"]
transform = Transform3D(1, 0, 0, 0, 1, 0, 0, 0, 1, 0, -0.25, 0)
shape = SubResource("BoxShape3D_ch1a4")

[node name="Model" type="MeshInstance3D" parent="Floor"]
transform = Transform3D(1, 0, 0, 0, 1, 0, 0, 0, 1, 0, -0.25, 0)
mesh = SubResource("BoxMesh_0gj2w")
skeleton = NodePath("../../..")

[node name="Floor2" type="StaticBody3D" parent="."]
transform = Transform3D(1, 0, 0, 0, 1, 0, 0, 0, 1, -3, -1, 1)

[node name="CollisionShape3D" type="CollisionShape3D" parent="Floor2"]
transform = Transform3D(1, 0, 0, 0, 1, 0, 0, 0, 1, 1, -0.5, 0)
shape = SubResource("BoxShape3D_erixq")

[node name="Model" type="MeshInstance3D" parent="Floor2"]
transform = Transform3D(1, 0, 0, 0, 1, 0, 0, 0, 1, 1, -0.5, 0)
mesh = SubResource("BoxMesh_cvbvp")
skeleton = NodePath("../../..")

[node name="Chest" parent="." instance=ExtResource("3_tm2ny")]
transform = Transform3D(1, 0, -1.49012e-08, 0, 1, 0, 1.49012e-08, 0, 1, -4, 0, 0)

[node name="MoveBackward" parent="." instance=ExtResource("2_52e0d")]
transform = Transform3D(0.869573, 0, -0.493805, 0, 1, 0, 0.493805, 0, 0.869573, -4.3609, 0.0138146, 1.13922)

[node name="MoveLeft" parent="." instance=ExtResource("2_52e0d")]
transform = Transform3D(0.936158, 0, 0.35158, 0, 1, 0, -0.35158, 0, 0.936158, -0.0917621, 0.0138146, -0.626267)

[node name="Label3D" type="Label3D" parent="."]
transform = Transform3D(1, 0, 0, 0, 0.994143, 0.108069, 0, -0.108069, 0.994143, -2.72397, 0.224475, -3.60981)
pixel_size = 0.0013
text = "273
"
